-4951
3910
-9679
3040
6140
6720
3802
-5921
-1352
1582
-1587
-4966
-6359
NaN
2112
-2029
-793
5107
-4092
-9060
-2616
-2989
-9929
-6232
-1890
-1085
4091
-3435
-1383
6139
-4142
-7299
4466
-927
2831
1049
6632
5919
5261
-9182
-7651
9865
-5402
6233
-9880
-9044
437
4956
-1767
-7532
-9271
977
-6436
3649
-9941
2284
-8092
8123
-1775
8829
5811
-6742
7281
-7911
-9275
2457
-6379
6847
2043
-6989
9941
-9496
-1422
-681
8315
913
6462
7349
-1174
-9764
5329
-5369
435
9605
-4796
-5031
-7960
-6119
978
6202
4405
-9033
-5879
-3747
5265
-2150
1243
-7381
666
5403
ERROR
-4862
3525
-5273
-5569
6532
-4687
-8002
-3209
8912
-1457
-4859
3923
-5659
2933
-3312
2982
-7380
1104
-5304
-421
7824
-6754
6029
4755
3159
9533
1654
3695
-7994
3184
8915
2891
-8801
-7791
-3834
5101
-7189
7894
-1235
9539
-8815
891
2294
4241
-4319
3504
-8696
-1854
-5016
-4193
-7751
3295
-3633
4154
-1137
7405
-5447
2787
-1759
-3462
6765
7063
-6645
-1870
-6561
-5199
8503
-9687
9463
-4959
536
-1047
-9776
-5136
6201
-4054
1269
-591
-1242
-5324
-5232
-2699
2060
5130
-5331
-4490
-5764
-6869
1377
-8150
6886
-8384
979
447
-2213
-4557
9703
656
-3215
-4316
-9063
ERROR
2197
-7403
-9647
2357
-5385
-1491
3591
8313
2790
4780
-2564
5077
-6101
-6034
2386
-5532
6232
-6413
-2921
-2546
-5029
-7260
-9043
-4342
6141
-4485
-3726
-8827
-6370
4605
7210
8479
6172
-5873
4654
6452
-6061
4974
-6137
4187
-2866
2897
-1868
-3762
-2339
4193
2130
2122
5380
-2170
-8993
-8325
1575
4629
-420
-7481
8391
-740
8470
-4694
9989
-3724
-6779
8722
-6342
4249
2637
883
4514
4296
9747
9947
-9575
-108
6287
1132
-8811
-4275
4049
-6797
-7692
-7601
2412
4534
6075
-3287
-4970
-5829
6137
-9760
2085
-8436
2297
3647
-465
-300
-5854
-5072
5740
-8475
1690
8339
-207
4183
2880
6510
-2582
-6115
-3213
819
-2227
3282
-6239
432
2611
-7943
1137
2054
-7794
5164
7451
9785
-2465
4596
-1547
2234
-294
-321
9993
-2365
2895
-897
-7972
-3929
-726
6611
-2514
-2631
8330
4190
8622
-5822
2320
878
2882
-2543
-4562
-6671
1557
-1220
-645
-5929
-1585
8320
5447
7371
-2236
4325
7387
-8212
2023
3061
5814
-7042
-3821
-8992
-351
-7160
-1511
-3073
-390
-251
-2389
-6150
3036
-3616
-7871
-6846
-8204
-6992
-5982
2013
-3906
5630
-495
3057
3461
-5863
-1145
-846
1636
-6527
4137
-4700
-6821
-809
6331
-2781
1783
5125
-1901
-4669
-6861
3145
-9066
285
2752
1234
-8982
-9847
-1852
-817
-2360
5933
7457
-4234
388
-3336
-3147
-3035
-8093
7002
-3041
8613
-8412
-4777
-3645
3670
5010
-1244
-8154
-9590
-6182
6975
5186
-2947
5880
4772
-6709
-6595
-6437
-4094
-1946
-4664
-3377
-4134
8492
1590
-8097
2164
9762
7000
5577
-9815
3002
-6724
3459
3374
5297
-7367
1725
6295
-7930
-9609
-4876
-9856
4426
-2633
-6994
289
-3839
5100
6113
-6399
8789
-9203
7797
-4952
-5562
-5419
6566
-4549
-8387
5819
-8221
-8471
-7132
-9310
-5741
-3507
-9814
-7824
-9460
-7327
9516
-6392
-7172
-5642
NaN
-9745
2491
-3066
3969
-8919
9832
4136
-7397
3446
-6031
8393
566
7489
-5962
3314
-2758
-2343
-9792
5069
-1568
-5154
-829
-1985
2015
-6522
-9569
-9134
-4237
2860
3893
-5040
8191
-6066
1886
-9017
1552
-8891
4163
-9674
-2979
4317
2044
-5347
-731
4428
5914
7646
-2534
-5314
6403
-6377
6885
6970
1151
-9616
9136
-8893
-9187
-9945
-7454
3626
-9473
-6934
-286
-5810
-9677
621
9841
-9912
4149
-5632
1763
-125
1327
3024
301
-9476
1144
-3139
3567
-5715
-4543
-7024
6805
768
1249
-2433
-6105
3766
-2503
-5059
-6617
5080
-2244
2629
-3226
-2275
3007
3064
-5683
8977
8563
-415
-8261
-9197
9505
-824
-8839
-2639
-4495
-5376
5626
2900
-9612
1002
3871
-6133
-7401
3227
5187
-114
5102
-5027
-5054
-2656
-554
7516
-120
363
-9557
-6131
728
-9537
-1706
-5336
9943
4725
6207
374
-9778
2711
-7680
-1529
-6972
-6890
6693
-6163
-1086
3279
7135
2617
-6541
-5566
-5572
9497
1619
-7785
-3940
-8049
-3140
-8266
-4089
8011
4422
5317
3844
6257
1207
-1983
759
-2713
1119
-4798
-563
-2196
-5257
3310
-6100
3711
-2988
1133
-4312
-3029
7640
-146
8035
4414
3030
782
-4926
-3648
-6546
-3662
-7179
9040
NaN
3702
8331
2689
-9725
-3310
9499
5878
-7484
-2452
-6887
-422
-6167
6914
-9036
3276
2515
-1894
9081
9309
-3813
5939
6356
-6669
-8091
2315
-2586
7765
-8655
-3501
-8334
-3032
-8832
-4743
-2044
5364
-1271
-9732
815
-4533
5987
-2588
-6169
-2920
-7947
-6799
-6721
4324
-3481
-4690
-2684
349
-3425
3443
-6037
-8645
-3870
272
-579
-4507
-5392
6712
-7087
-6423
4462
3345
-1772
6359
4240
4419
-7713
-3121
6354
6115
-2047
-3273
6544
2391
-796
-535
-6791
-4847
7817
-5135
-1657
1015
2159
1963
-997
-3422
-6933
7716
-1551
6699
-2319
-8303
-5093
-2970
-5311
371
-4823
6920
-7462
-8912
-7895
6911
-2422
-7441
-1013
-1460
-5876
9490
-4920
3909
-1656
2760
-7923
3213
-413
417
8589
-3427
6289
-4177
2104
6515
-5246
-4809
-3995
-8347
5366
5912
-974
579
-2842
-6286
4728
5095
1693
-4852
-5782
-5278
-9088
-1183
3411
-2718
-9038
-7550
-3664
-6601
-3307
-3455
6011
-7803
-6050
2974
2272
2154
-741
2783
3841
-8833
-716
7453
5940
8776
-2060
6713
-9116
-1579
-3779
3731
1231
-6332
-5263
-8083
-4645
-599
651
-6266
-2281
-3737
7174
111
8720
-8055
-8592
-2101
-3072
-2706
3380
-5938
-5976
3283
-6856
8477
4244
-3446
-2968
1983
611
-6804
-9542
3153
4573
-6697
-4119
-9643
-8840
-5023
-9425
7265
3489
-7731
7480
-2263
-7004
6922
-2584
-2837
-9260
-8698
-2240
-6347
-3067
-3790
-5469
-8772
-4243
-9394
3894
-3362
-2246
3486
3039
-4857
521
-8095
7257
6379
-9530
6828
-4425
5937
-1968
3882
1003
206
5622
-9465
7475
-4662
-6200
5464
4170
-7926
-4479
-4627
-338
5126
-5961
-9574
2893
-4095
-745
-5084
2189
7343
-9870
1607
-7938
-4871
6183
2660
-9029
-7409
6696
5256
-2576
-2399
-3033
-9002
-8017
9009
6486
-5399
-8531
7753
1006
2368
-5244
-9858
2134
7542
7812
-5414
6826
3003
4521
2068
-2190
6865
3379
ERROR
-8723
-4117
-5918
623
-381
818
1228
-9947
-9909
7875
-457
-7472
-9373
-689
-2468
8490
1090
953
-9290
8049
7323
-3378
4884
-3448
-7090
-2467
3623
-776
-2166
2731
123
-7386
4025
-5484
-9370
-3208
124
-915
-2260
7421
-5954
6357
-8094
6482
-5796
-3949
2910
-7020
5693
-7204
-4912
-1795
-6140
2173
7914
3433
-3061
-5005
5475
3281
-8480
-8022
3015
365
-5367
5582
-1746
5342
9442
8754
-9025
2979
-2567
-1609
2898
9032
4740
8728
3585
-2913
-1661
-1236
-7227
-5439
-9446
-9487
8796
1956
4817
-9188
-8316
3945
706
-7139
6469
-3054
6897
2724
-5440
-6882
-8942
6893
-4560
8337
-1064
7311
6147
8813
-6927
-8597
-2072
368
-1207
-9763
6415
-3562
-6829
-767
7116
-1737
-8256
-3158
6140
2767
-3384
4539
-5917
-7697
-6849
7954
-9678
-5941
-2152
-4265
1122
5990
8863
-2434
1904
-8901
-325
-2158
-3833
-4317
-3506
1935
8335
-2494
5817
8763
-6906
-2672
-6720
-8841
-7706
8028
-6790
-3540
-9829
9649
-6722
-7582
-137
6206
3896
-1000
-6881
2572
5462
3022
-1109
4853
-7732
2736
-1191
-4964
-2354
-2394
5211
-7223
9815
-5757
8530
-7580
-4434
-1449
-734
156
-9015
-8924
-3452
-1474
2053
-6550
-9625
-4230
-8693
-9441
-3547
-2193
3905
5573
3791
-1093
4624
3146
-1687
-3038
-6238
3482
7876
-9740
-6558
-2974
9780
-6807
-7890
-7254
9343
2115
-4882
NaN
7273
-3071
5875
-1916
-1451
-6960
-2247
4849
-8987
-5972
416
971
-4974
-3153
-7589
-6879
-3667
-1730
-7904
-7194
-4255
-2607
-3330
-1453
-6110
6326
-8483
-5379
2310
-9361
-1363
-4707
-7529
-7691
-3535
-6809
-2833
-1734
-8946
-7802
-8885
2712
-1118
-4085
1236
384
-9621
-3088
-3687
9673
2316
-712
-3685
-4530
-5571
-8020
-3227
-3005
-1739
-537
-1462
-1351
-5345
-4324
3344
2285
4082
-2709
-9047
-1849
-1918
7893
-7122
-5353
-7592
3824
-1189
-3793
-3533
9133
293
-7022
-8601
-9906
-4292
-4841
4376
1372
-8425
-7743
6888
678
9003
-2832
8001
-8271
-6113
-7818
-5576
-6695
-9895
1110
2081
2755
-3885
5631
-2290
-9468
-9501
-6374
-3019
7524
2992
9845
-8905
8614
-1254
-9390
-4851
-7863
3685
4050
641
-5552
2924
-9326
-2673
2006
516
1785
-9914
7647
4221
2460
1255
-1311
-6771
-8904
-4606
5826
-6448
-8216
-5037
-8431
6226
5393
-2840
-9179
5225
-8305
1139
-3545
-2580
-8916
6209
5400
2075
-3060
5235
-7487
-7289
-5884
-4256
-3883
-6565
-9061
7006
-6372
-1773
-9306
-5022
-7590
-4293
4510
1699
-4814
-7885
-9681
-6802
-3723
-9532
8157
-3514
1268
-2198
-2769
7372
-1442
-7540
-5825
5089
8559
2889
-2751
-7407
-3601
211
5574
-2836
-8476
152
-2327
5382
8630
-5372
-4810
-7959
6938
-3926
3619
-5930
5268
-9802
5076
8903
2638
-1604
6807
-7982
7720
2155
1771
-4159
-5000
-4973
-2978
-4553
2202
6261
-2940
-6417
6021
6394
-2370
-7855
-5203
6053
-2328
-3835
-3482
-4400
-8243
-8882
-5945
-8658
2119
-9748
8290
-7216
-4571
-8405
-6432
-1560
-3741
-5682
-4171
-2922
2032
-8880
-7624
-8041
3483
-2117
-7419
-5913
-3421
5635
5753
-7465
2905
-8122
5587
-9484
-7233
-9028
1293
-1249
-7593
-9890
-2668
-6183
1195
-6048
4138
4705
2245
-8951
5363
7916
-8125
-2714
-7775
-6528
6937
-5933
9492
9675
-5973
2636
1574
8600
1736
-3730
-6224
-2179
-1203
-3130
-6577
7229
-6889
3916
-5824
8690
2927
-2382
7774
-4246
-2897
-4885
-2079
6402
-1980
-3683
1224
1016
-2374
-4865
-5291
-5512
6639
2493
-5433
3994
-2195
-7756
-8103
-6282
2349
-8997
3122
874
-3921
-4353
-1617
-3487
3212
-7907
-8566
-6798
-7694
4429
-9742
5319
-3335
-5534
6255
2657
-9716
6965
6747
-2909
-2234
1902
3761
-2899
3252
4191
5316
-1709
-5486
4585
8830
-7952
-4079
5707
-6478
850
2732
2851
-5656
-5170
-7081
-3221
-9139
7946
2754
-3756
7402
7721
5669
-6020
-5573
1188
-7598
5451
4481
-9049
-7555
6258
-9980
-2375
-5561
7504
-8865
-2100
-4864
6593
8936
-7007
-9006
-2015
8839
3632
6674
-1810
-1878
1744
-2296
-2634
-3014
7175
2270
5802
3764
-2905
1908
-8941
7895
7874
6004
7581
1769
-7404
-2357
-6419
-9202
-6019
-9205
-3011
-5625
-3275
-6572
-9717
-2554
-1589
-5575
4017
-7949
-5568
5276
-8328
-2932
-7085
-7889
-9470
-3062
-9022
-3871
-9786
-4639
8205
8193
-2825
-5650
-6566
-8985
-2635
-9155
2538
4162
-4550
-6612
-9633
-3323
-6010
4107
8675
3151
-8034
6313
-3328
-1094
2083
442
-6164
-3898
5370
-5815
7328
-4188
-8213
-7552
-3698
-9175
-5540
-6938
-9594
6973
-6520
-8914
904
-9207
-6158
-6261
-7944
1445
-5821
8272
-5628
-7411
-9151
-2933
1685
6204
5730
1683
-4784
-3525
-7295
-3475
-7178
-9766
-9342
-4817
-8479
-2186
-9918
-9323
-8158
4220
-6469
2839
-8895
-5438
3080
8629
-7970
4385
-6135
2835
1440
-5964
3226
-1227
6410
-9859
6027
-3473
-2283
-9064
-1788
-9617
-3199
2484
8587
-6857
6184
-3042
-7218
-1240
8657
-1411
-3451
-6211
-7489
584
9612
-8282
-4572
-4341
109
7450
-9635
-7353
-5508
-5380
-9562
1229
-9894
2005
1467
-2496
-3289
-2441
-6674
208
-4867
-2310
1909
-7395
-5952
-9322
907
695
-1893
-4351
-4384
-5295
-3120
-3192
-2900
168
-2036
7084
-4033
1272
-8599
-8289
-5994
-5404
1737
1034
4168
-4098
-7088
9130
-4489
-9451
-4241
-2269
-2274
-4965
-8199
-4455
-5479
-7878
-3357
692
-5483
-4311
-8981
-3617
-4556
-8888
-9345
-9591
-4166
-3830
-3987
-8939
-6488
7181
-9052
6119
3170
-1988
-6401
-1989
-5487
-1147
-4080
-9279
-7793
-2904
-9204
-5823
-6093
-8273
833
-6331
1342
-7073
-7789
-7205
-6269
-2153
-5621
-2440
7269
4387
-8810
-6449
4530
-4258
1982
-5238
-2505
-5574
-8988
-9504
2251
-6007
-3705
-2628
-7488
-7804
-6605
-3805
-6878
-8558
-4724
-4250
1083
-4955
-4012
-3325
-6456
-2938
5071
-8194
-7948
-3564
-4509
900
1201
-1674
7326
7857
-1299
2296
-7637
-4877
-6705
-4398
-2149
-4907
9485
-7202
-8080
-3889
5632
4788
-9971
-9739
-7373
-7034
-5866
-5624
-4122
-5753
-8230
-6673
-4565
-3563
-2870
-1616
-8409
-2223
-2268
1032
-8792
-2601
-5877
-6915
-9744
-4018
1844
4868
-7990
-3930
8398
-3720
-7816
-9004
3378
-5410
-6609
-8380
-2235
-8554
-6367
-7080
6505
-3927
-5513
-5413
-6453
-4202
-6339
-3082
1745
-9138
-7358
-6001
-4454
7115
1094
-1987
-2559
-5063
-3686
-4769
4842
5560
2278
-5577
-9090
-8790
8318
-2955
-6974
-4173
-2652
-5454
-6665
8301
-4679
-2667
-6447
-5788
-8669
-7098
-4090
-6051
-7887
-8399
-2834
-6351
-6465
-5864
-3024
-4881
-8043
-8056
-8098
-8501
-4153
-4375
-1468
-4884
-3092
-2619
-8681
-6205
-5735
-9905
-9461
-5852
-5234
-6749
-6176
-6252
-4622
-3674
-9706
-3655
-9329
-5622
-9493
-9177
-6350
-4722
-9827
-6827
-8648
-9804
-7941
-8432
-8465
-4371
-7447
-4403
-4650
-3746
-4235
-9649
-4231
-5151
-8983
-9749
-2728
-9650
-2345
-3258
-7248
-8759
-7571
-2888
-3379
-4623
-5820
-6078
-8689
-3504
-5589
-9194
-8877
-9746
-6025
-5096
-8037
-4439
-7072
-8210
-7821
-3665
-3994
-9448
-2637
-8395
-5461
-8336
-4417
-9771
-7701
-7741
-7230
-7627
-797
